sample_type repunit collection indiv L_24510 L_24510_1 L_30660 L_30660_1 L_6354 L_6354_1 L_8468 L_8468_1 L_519 L_519_1 L_725 L_725_1 L_31014 L_31014_1
mixture NA ElBy13 ElBy13_001 001 001 001 001 001 001 001 001 001 001 001 001 001 001
mixture NA ElBy13 ElBy13_002 001 001 001 001 001 002 001 002 001 001 NA NA 001 001
mixture NA ElBy13 ElBy13_003 001 002 001 001 001 001 002 002 001 001 001 001 001 002
mixture NA ElBy13 ElBy13_004 001 001 001 002 001 002 002 002 NA NA 001 001 001 001
mixture NA ElBy13 ElBy13_005 001 002 001 001 001 002 001 002 001 001 001 001 001 001
mixture NA ElBy13 ElBy13_006 001 001 001 001 001 001 001 002 001 001 001 001 001 001
mixture NA ElBy13 ElBy13_007 001 001 001 001 002 002 002 002 001 001 NA NA 001 001
mixture NA ElBy13 ElBy13_008 001 001 001 002 001 001 002 002 001 001 001 001 001 001
mixture NA ElBy13 ElBy13_009 001 001 001 001 NA NA 002 002 001 001 001 001 001 001
mixture NA ElBy13 ElBy13_010 001 002 001 002 001 001 002 002 001 001 001 001 001 001
mixture NA ElBy13 ElBy13_011 001 001 001 001 001 001 001 001 001 001 NA NA 001 001
mixture NA ElBy13 ElBy13_012 001 001 001 001 NA NA 001 002 001 001 001 001 001 001
mixture NA ElBy13 ElBy13_015 001 001 001 001 001 001 002 002 001 001 NA NA 001 001
mixture NA ElBy13 ElBy13_016 001 001 001 002 002 002 001 002 001 001 001 001 001 001
mixture NA ElBy13 ElBy13_017 001 001 001 001 001 002 001 002 001 001 001 001 001 001
mixture NA ElBy13 ElBy13_018 001 001 001 001 001 001 001 002 NA NA 001 001 001 001
mixture NA ElBy13 ElBy13_019 001 001 001 002 001 001 002 002 001 001 001 001 001 001
mixture NA ElBy13 ElBy13_020 001 001 001 001 001 001 002 002 001 001 NA NA 001 001
mixture NA ElBy13 ElBy13_021 001 001 001 002 001 002 001 002 001 001 001 001 001 001
mixture NA ElBy13 ElBy13_023 001 001 001 001 001 002 002 002 001 001 001 001 001 001
mixture NA ElBy13 ElBy13_024 001 001 001 001 001 002 001 002 001 001 001 001 001 001
mixture NA ElBy13 ElBy13_025 001 001 001 001 001 001 002 002 001 001 001 001 001 001
mixture NA ElBy13 ElBy13_026 001 001 001 002 001 001 002 002 001 001 001 001 001 001
mixture NA ElBy13 ElBy13_027 001 001 001 001 001 001 001 002 001 001 001 001 001 001
mixture NA ElBy13 ElBy13_028 001 001 001 001 002 002 001 002 001 001 001 001 001 001
mixture NA ElBy13 ElBy13_030 001 001 001 002 001 002 001 002 001 001 001 002 001 001
mixture NA ElBy13 ElBy13_032 001 002 001 002 001 002 001 002 001 001 001 002 001 001
mixture NA ElBy13 ElBy13_034 001 001 001 002 002 002 001 002 001 001 001 001 001 001
mixture NA ElBy13 ElBy13_035 001 001 001 001 002 002 002 002 001 001 001 001 001 001
mixture NA ElBy13 ElBy13_037 001 001 001 001 001 002 001 001 001 001 NA NA 001 001
mixture NA ElBy13 ElBy13_038 001 001 001 002 001 002 002 002 001 001 001 001 001 001
mixture NA ElBy13 ElBy13_039 001 001 001 001 001 002 002 002 001 001 001 001 001 001
mixture NA ElBy13 ElBy13_040 001 001 001 001 002 002 001 002 001 001 001 001 001 001
mixture NA ElBy13 ElBy13_041 001 001 001 001 001 001 001 002 001 001 NA NA 001 002
mixture NA ElBy13 ElBy13_042 001 002 001 001 001 002 001 002 001 001 001 001 001 001
mixture NA ElBy13 ElBy13_043 001 001 001 001 001 002 001 002 001 001 001 001 001 001
mixture NA ElBy13 ElBy13_045 001 001 001 001 001 001 001 002 001 001 001 001 001 001
mixture NA ElBy13 ElBy13_047 001 001 001 001 001 002 001 002 001 001 001 001 001 001
mixture NA ElBy13 ElBy13_048 001 001 001 001 NA NA 001 002 001 001 001 001 001 001
mixture NA ElBy13 ElBy13_050 001 001 001 001 001 001 NA NA 001 001 001 001 001 001
mixture NA ElBy13 ElBy13_051 001 001 001 001 001 001 NA NA 001 001 001 001 001 001
mixture NA ElBy13 ElBy13_052 001 001 001 001 001 002 NA NA 001 001 001 001 001 001
mixture NA ElBy13 ElBy13_054 001 001 001 001 001 001 NA NA 001 001 001 001 001 001
mixture NA ElBy13 ElBy13_056 001 002 001 001 001 001 NA NA 001 002 001 001 001 001
mixture NA ElBy13 ElBy13_057 001 001 001 002 001 001 NA NA 001 001 001 001 001 001
mixture NA ElBy13 ElBy13_058 001 001 001 001 001 002 NA NA 001 001 001 001 001 001
mixture NA ElBy13 ElBy13_059 001 001 001 002 001 002 NA NA 001 001 001 001 001 001
mixture NA ElBy13 ElBy13_060 001 001 001 001 001 001 NA NA 001 001 001 001 001 001
mixture NA Marr15 Marr15_25 002 002 001 001 001 002 001 001 001 002 002 002 002 002
mixture NA Marr15 Marr15_26 002 002 001 002 001 001 001 001 001 002 002 002 002 002
mixture NA Marr15 Marr15_27 001 002 002 002 001 002 001 001 001 001 001 002 002 002
mixture NA Marr15 Marr15_28 001 002 001 002 001 002 001 001 001 002 001 002 001 002
mixture NA Marr15 Marr15_29 001 001 002 002 001 001 001 001 002 002 001 002 001 002
mixture NA Marr15 Marr15_30 001 001 001 002 002 002 001 001 001 002 002 002 002 002
mixture NA Marr15 Marr15_31 001 002 002 002 001 002 001 001 001 002 001 002 001 002
mixture NA Marr15 Marr15_32 001 001 001 002 001 002 001 001 001 002 001 001 001 001
mixture NA Marr15 Marr15_33 001 001 001 001 002 002 001 001 001 002 001 002 001 002
mixture NA Marr15 Marr15_34 001 001 001 002 002 002 001 001 001 002 001 001 002 002
mixture NA Marr15 Marr15_35 001 002 002 002 002 002 001 001 001 002 002 002 001 002
mixture NA Marr15 Marr15_36 001 002 001 002 001 002 001 001 001 002 002 002 001 002
mixture NA Marr15 Marr15_37 002 002 001 001 001 002 001 001 001 002 001 002 002 002
mixture NA Marr15 Marr15_38 002 002 001 001 001 002 001 001 001 002 001 002 002 002
mixture NA Marr15 Marr15_39 001 001 001 002 001 002 001 001 001 001 001 002 002 002
mixture NA Marr15 Marr15_40 001 002 002 002 002 002 001 001 001 002 002 002 001 002
mixture NA Marr15 Marr15_41 001 002 001 002 002 002 001 001 001 001 001 002 001 002
mixture NA Marr15 Marr15_42 001 001 001 002 002 002 001 001 001 002 002 002 001 002
mixture NA Marr15 Marr15_43 001 002 001 001 002 002 001 001 001 002 NA NA 001 001
mixture NA Marr15 Marr15_44 001 001 001 002 001 002 001 001 001 002 002 002 001 001
mixture NA Marr15 Marr15_45 002 002 002 002 001 002 001 001 001 002 001 002 001 002
mixture NA Marr15 Marr15_46 001 002 001 002 002 002 001 001 001 002 001 001 001 002
mixture NA Marr15 Marr15_47 001 002 001 002 002 002 001 001 001 002 001 002 001 002
mixture NA Marr15 Marr15_48 001 001 001 002 001 002 001 001 001 001 001 002 001 002
mixture NA Marr15 Marr15_49 002 002 001 001 001 002 001 001 001 001 002 002 001 001
mixture NA Squa14 Squa14_002 001 002 001 002 001 001 002 002 001 002 001 002 001 002
mixture NA Squa14 Squa14_003 001 001 001 001 001 002 001 002 001 002 001 002 001 001
mixture NA Squa14 Squa14_004 001 001 001 001 001 001 002 002 001 002 001 001 001 002
mixture NA Squa14 Squa14_005 001 001 001 001 001 001 002 002 001 001 001 001 001 001
mixture NA Squa14 Squa14_006 001 001 001 001 002 002 002 002 002 002 001 001 001 001
mixture NA Squa14 Squa14_007 001 001 001 002 001 001 002 002 001 002 002 002 001 001
mixture NA Squa14 Squa14_008 001 001 001 002 001 001 002 002 001 001 001 002 001 002
mixture NA Squa14 Squa14_009 001 001 001 001 001 002 002 002 NA NA 001 002 001 001
mixture NA Squa14 Squa14_010 001 001 001 002 001 002 002 002 002 002 001 001 001 001
mixture NA Squa14 Squa14_011 001 001 001 002 001 002 002 002 NA NA 001 002 001 001
mixture NA Squa14 Squa14_012 001 001 001 002 001 001 001 002 001 001 001 002 001 001
mixture NA Squa14 Squa14_013 001 001 001 001 002 002 002 002 001 002 001 002 001 002
mixture NA Squa14 Squa14_014 001 001 001 001 001 001 001 002 002 002 001 001 001 001
mixture NA Squa14 Squa14_015 001 001 001 001 002 002 002 002 001 002 001 001 001 001
mixture NA Squa14 Squa14_016 001 001 001 001 001 002 002 002 001 002 001 002 001 001
mixture NA Squa14 Squa14_017 001 001 001 001 001 001 002 002 001 002 001 002 001 002
mixture NA Squa14 Squa14_018 001 001 002 002 001 001 002 002 002 002 NA NA 001 001
mixture NA Squa14 Squa14_019 001 001 001 001 001 001 002 002 001 002 001 001 001 002
mixture NA Squa14 Squa14_020 001 001 001 001 001 001 002 002 002 002 001 001 001 001
mixture NA Squa14 Squa14_021 001 001 001 001 001 002 002 002 001 002 001 001 001 001
mixture NA Squa14 Squa14_022 001 001 001 001 001 002 002 002 001 001 NA NA 001 002
mixture NA Squa14 Squa14_023 001 001 001 001 001 002 002 002 001 001 001 001 001 002
mixture NA Squa14 Squa14_024 001 001 001 002 001 002 001 002 001 001 001 002 001 001
mixture NA Squa14 Squa14_026 001 001 001 001 001 001 002 002 001 001 001 002 001 001
mixture NA Squa14 Squa14_030 001 001 001 002 001 001 002 002 002 002 001 002 001 002
mixture NA Squa14 Squa14_031 001 001 001 002 001 001 002 002 001 001 001 001 001 001
mixture NA Squa14 Squa14_032 001 001 001 001 001 002 001 002 001 002 001 001 001 001
mixture NA Squa14 Squa14_034 001 002 001 002 001 001 001 002 001 001 002 002 001 001
mixture NA Squa14 Squa14_035 001 001 001 001 001 002 001 002 001 002 001 001 001 002
mixture NA Squa14 Squa14_036 001 001 001 002 001 001 001 002 001 002 001 002 001 002
mixture NA Squa14 Squa14_037 001 001 001 001 001 001 002 002 002 002 001 001 001 002
mixture NA Squa14 Squa14_038 001 001 001 001 001 001 002 002 001 002 001 002 001 001
mixture NA Squa14 Squa14_039 001 001 001 001 002 002 001 002 001 001 001 001 002 002
mixture NA Squa14 Squa14_040 001 001 001 002 001 001 002 002 001 002 001 002 001 002
mixture NA Squa14 Squa14_041 001 001 001 002 001 002 002 002 001 001 001 002 001 001
mixture NA Squa14 Squa14_042 001 001 001 001 001 002 002 002 001 002 001 001 001 001
mixture NA Squa14 Squa14_043 001 002 001 001 001 002 001 002 001 002 001 002 001 001
mixture NA Squa14 Squa14_046 001 001 001 001 002 002 002 002 001 001 NA NA 001 001
mixture NA Squa14 Squa14_050 001 001 001 001 002 002 002 002 001 002 001 001 NA NA
mixture NA Squa14 Squa14_051 001 001 001 002 001 001 002 002 001 001 001 001 001 002
mixture NA Squa14 Squa14_052 001 001 001 001 001 001 002 002 001 002 001 002 001 001
mixture NA Squa14 Squa14_053 001 001 001 001 001 002 002 002 001 002 001 002 001 002
mixture NA Squa14 Squa14_054 001 001 001 001 001 002 001 002 001 002 001 002 001 002
mixture NA Squa14 Squa14_055 001 001 001 001 001 001 002 002 002 002 002 002 001 001
mixture NA Squa14 Squa14_056 001 001 001 001 002 002 002 002 002 002 001 002 001 002
mixture NA Squa14 Squa14_057 001 002 001 002 001 001 002 002 001 001 001 001 001 002
