sample_type repunit collection indiv L_24510 L_24510_1 L_30660 L_30660_1 L_6354 L_6354_1 L_8468 L_8468_1 L_519 L_519_1 L_725 L_725_1 L_31014 L_31014_1
reference Jan_Feb Case07 Case07_001 001 001 001 001 001 002 002 002 001 002 001 002 001 002
reference Jan_Feb Case07 Case07_002 001 001 001 001 002 002 002 002 001 002 001 002 001 002
reference Jan_Feb Case07 Case07_003 001 001 001 001 001 001 002 002 001 002 001 001 001 001
reference Jan_Feb Case07 Case07_004 001 002 001 002 001 002 001 001 001 002 001 001 001 001
reference Jan_Feb Case07 Case07_005 001 001 001 001 001 002 002 002 001 001 001 002 001 001
reference Jan_Feb Case07 Case07_006 001 001 001 002 001 001 002 002 002 002 001 002 001 001
reference Jan_Feb Case07 Case07_007 001 001 001 002 001 001 002 002 001 001 001 002 001 001
reference Jan_Feb Case07 Case07_008 001 001 001 002 001 001 001 002 001 002 001 001 001 002
reference Jan_Feb Case07 Case07_010 001 001 001 001 002 002 001 001 001 002 NA NA 002 002
reference Jan_Feb Case07 Case07_011 001 001 001 001 001 002 002 002 001 002 001 001 001 002
reference Jan_Feb Case07 Case07_012 001 001 001 001 001 002 001 002 001 002 001 002 002 002
reference Jan_Feb Case07 Case07_014 001 001 001 002 002 002 002 002 002 002 001 001 001 001
reference Jan_Feb Case07 Case07_015 001 001 001 001 001 001 002 002 002 002 001 001 001 002
reference Jan_Feb Case07 Case07_016 001 001 001 001 001 001 002 002 001 001 001 001 001 001
reference Jan_Feb Case07 Case07_017 001 001 001 001 001 001 002 002 002 002 001 002 001 001
reference Jan_Feb Case07 Case07_018 001 001 001 001 001 002 002 002 001 002 001 001 001 001
reference Jan_Feb Case07 Case07_019 001 002 001 002 001 001 002 002 001 001 001 002 001 002
reference Jan_Feb Case07 Case07_020 001 001 001 001 002 002 002 002 002 002 001 001 001 001
reference Jan_Feb Case07 Case07_021 001 001 001 002 001 002 001 002 001 002 001 001 001 002
reference Jan_Feb Case07 Case07_022 001 001 001 001 001 001 002 002 002 002 001 001 001 001
reference Jan_Feb Case07 Case07_024 001 001 001 001 001 001 001 002 001 002 001 002 001 001
reference Jan_Feb Case07 Case07_025 001 001 001 001 001 002 002 002 001 002 002 002 001 002
reference Jan_Feb Case07 Case07_027 001 001 001 001 001 002 002 002 002 002 001 001 001 001
reference Jan_Feb Case07 Case07_028 001 001 001 001 001 001 002 002 001 002 001 002 001 001
reference Jan_Feb Case07 Case07_029 001 001 001 001 002 002 002 002 002 002 001 001 NA NA
reference Jan_Feb Case07 Case07_033 001 001 001 001 001 002 001 002 002 002 001 002 001 002
reference Jan_Feb Case07 Case07_034 001 001 001 001 001 001 002 002 001 002 001 002 001 001
reference Jan_Feb Case07 Case07_035 001 001 001 002 001 002 001 002 001 001 001 001 001 002
reference Jan_Feb Case07 Case07_036 001 002 001 001 001 002 002 002 001 001 002 002 001 002
reference Jan_Feb Case07 Case07_037 001 001 001 001 001 002 002 002 001 002 001 001 001 001
reference Jan_Feb Case07 Case07_038 001 001 001 001 001 002 001 002 001 001 001 001 001 001
reference Jan_Feb Case07 Case07_039 001 001 001 001 001 002 002 002 001 002 001 001 001 002
reference Jan_Feb Case07 Case07_040 001 001 001 001 001 002 001 002 001 001 001 001 001 001
reference Jan_Feb Case07 Case07_041 001 001 001 002 001 002 002 002 001 001 001 001 001 002
reference Jan_Feb Case07 Case07_042 001 001 001 001 001 001 002 002 001 001 001 001 001 001
reference Jan_Feb Case07 Case07_043 001 001 001 001 001 001 002 002 001 002 001 002 001 001
reference Jan_Feb Case07 Case07_044 001 001 001 001 001 001 002 002 001 001 002 002 001 001
reference Jan_Feb Case07 Case07_045 001 001 001 001 001 001 002 002 001 001 001 001 001 002
reference Jan_Feb Case07 Case07_046 001 001 001 001 001 001 002 002 001 002 001 001 002 002
reference Jan_Feb Case07 Case07_047 001 001 001 002 002 002 002 002 001 002 002 002 001 001
reference Jan_Feb Case07 Case07_048 001 001 001 001 001 001 002 002 001 001 001 001 001 001
reference May_Jun ChPt14 ChPt14_001 001 002 001 002 001 002 001 001 002 002 001 002 002 002
reference May_Jun ChPt14 ChPt14_002 002 002 001 002 001 002 001 001 001 001 002 002 001 002
reference May_Jun ChPt14 ChPt14_003 001 002 001 001 001 002 001 001 001 001 001 002 002 002
reference May_Jun ChPt14 ChPt14_004 001 002 002 002 001 002 001 001 001 001 001 002 002 002
reference May_Jun ChPt14 ChPt14_006 002 002 002 002 001 001 001 001 001 002 001 001 001 002
reference May_Jun ChPt14 ChPt14_007 001 002 001 001 001 002 001 001 002 002 002 002 002 002
reference May_Jun ChPt14 ChPt14_008 001 002 002 002 002 002 001 001 NA NA 001 002 001 001
reference May_Jun ChPt14 ChPt14_012 001 001 001 002 001 002 001 001 002 002 002 002 001 002
reference May_Jun ChPt14 ChPt14_013 001 001 001 001 001 002 001 001 002 002 001 001 001 002
reference May_Jun ChPt14 ChPt14_014 001 002 002 002 002 002 001 001 001 001 001 002 002 002
reference May_Jun ChPt14 ChPt14_015 001 002 001 001 001 002 001 001 001 002 001 002 001 002
reference May_Jun ChPt14 ChPt14_016 001 001 001 002 001 001 001 001 001 002 002 002 001 002
reference May_Jun ChPt14 ChPt14_017 001 002 002 002 002 002 001 001 001 001 001 002 001 002
reference May_Jun ChPt14 ChPt14_018 001 002 001 002 002 002 001 001 001 002 001 002 001 002
reference May_Jun ChPt14 ChPt14_019 001 002 002 002 002 002 001 001 001 002 001 002 002 002
reference May_Jun ChPt14 ChPt14_020 001 002 001 001 002 002 001 001 001 001 001 001 001 002
reference May_Jun ChPt14 ChPt14_021 001 001 001 001 001 002 001 001 002 002 001 002 001 001
reference May_Jun ChPt14 ChPt14_023 001 001 001 001 002 002 001 001 001 002 001 001 002 002
reference May_Jun ChPt14 ChPt14_025 001 002 001 001 NA NA 001 001 001 002 001 002 001 002
reference May_Jun ChPt14 ChPt14_026 001 001 002 002 001 001 001 001 001 001 002 002 001 002
reference May_Jun ChPt14 ChPt14_031 001 002 002 002 002 002 001 001 001 001 001 002 002 002
reference May_Jun ChPt14 ChPt14_032 001 001 001 001 001 002 001 001 001 002 001 002 002 002
reference May_Jun ChPt14 ChPt14_033 001 002 002 002 002 002 001 001 001 002 002 002 002 002
reference May_Jun ChPt14 ChPt14_036 002 002 001 002 001 002 001 001 002 002 001 002 001 002
reference May_Jun ChPt14 ChPt14_038 001 002 002 002 001 002 001 001 001 001 001 002 001 001
reference May_Jun ChPt14 ChPt14_039 001 001 001 002 002 002 001 001 001 002 002 002 002 002
reference May_Jun ChPt14 ChPt14_042 001 001 001 001 001 002 001 001 002 002 001 002 002 002
reference May_Jun ChPt14 ChPt14_046 001 002 002 002 002 002 001 001 002 002 001 002 NA NA
reference May_Jun ChPt14 ChPt14_048 001 002 002 002 002 002 001 001 001 001 001 002 002 002
reference May_Jun ChPt16 ChPt16_001.1 001 001 001 002 002 002 001 001 001 002 001 002 001 001
reference May_Jun ChPt16 ChPt16_002.1 001 002 002 002 001 002 001 001 001 001 001 001 002 002
reference May_Jun ChPt16 ChPt16_003.1 001 002 002 002 002 002 001 001 001 001 001 002 001 002
reference May_Jun ChPt16 ChPt16_005.1 001 002 001 002 002 002 001 001 001 001 001 002 002 002
reference May_Jun ChPt16 ChPt16_006.1 001 001 001 001 002 002 001 001 001 001 002 002 001 002
reference May_Jun ChPt16 ChPt16_007.1 002 002 002 002 001 002 001 001 001 002 001 002 002 002
reference May_Jun ChPt16 ChPt16_008.1 002 002 001 002 001 002 001 001 001 002 001 002 002 002
reference May_Jun ChPt16 ChPt16_009.1 001 001 001 002 001 001 001 001 001 001 001 002 002 002
reference May_Jun ChPt16 ChPt16_012.1 001 002 002 002 001 002 001 001 001 002 001 002 001 002
reference May_Jun ChPt16 ChPt16_013.1 002 002 002 002 001 002 001 001 002 002 NA NA 001 001
reference May_Jun ChPt16 ChPt16_014.1 001 001 001 002 001 002 001 001 002 002 002 002 002 002
reference May_Jun ChPt16 ChPt16_015.1 001 001 001 001 002 002 001 001 002 002 002 002 001 002
reference May_Jun ChPt16 ChPt16_016.1 002 002 001 002 001 001 001 001 001 002 002 002 001 002
reference May_Jun ChPt16 ChPt16_017.1 002 002 001 001 001 002 001 001 001 002 002 002 001 002
reference May_Jun ChPt16 ChPt16_018.1 001 001 002 002 001 002 001 001 001 002 001 002 002 002
reference May_Jun ChPt16 ChPt16_019.1 001 001 001 002 001 002 001 001 001 002 002 002 001 001
reference May_Jun ChPt16 ChPt16_020.1 001 001 001 002 002 002 001 001 001 001 002 002 002 002
reference May_Jun ChPt16 ChPt16_021.1 001 002 002 002 001 002 001 001 001 002 001 002 001 002
reference May_Jun ChPt16 ChPt16_023.1 002 002 001 002 002 002 001 002 001 002 001 001 001 002
reference May_Jun ChPt16 ChPt16_024.1 002 002 001 001 002 002 001 001 001 001 002 002 001 002
reference May_Jun ChPt16 ChPt16_025.1 001 001 001 001 002 002 001 001 NA NA 002 002 001 001
reference May_Jun ChPt16 ChPt16_026.1 001 002 001 002 001 002 001 001 001 001 001 002 001 001
reference May_Jun ChPt16 ChPt16_027.1 002 002 002 002 002 002 001 001 001 001 001 002 001 001
reference May_Jun ChPt16 ChPt16_028.1 001 002 001 001 001 001 001 001 001 002 001 002 002 002
reference May_Jun ChPt16 ChPt16_029.1 001 002 001 002 002 002 001 001 002 002 001 002 002 002
reference May_Jun ChPt16 ChPt16_030.1 001 002 002 002 001 002 001 001 001 001 002 002 001 001
reference May_Jun ChPt16 ChPt16_031.1 001 002 001 002 002 002 001 001 002 002 001 002 001 002
reference May_Jun ChPt16 ChPt16_033.1 001 002 002 002 001 002 001 001 002 002 002 002 002 002
reference May_Jun ChPt16 ChPt16_034.1 001 001 001 002 001 001 001 001 001 002 001 001 001 002
reference May_Jun ChPt16 ChPt16_035.1 001 001 002 002 002 002 001 001 001 001 001 001 001 001
reference May_Jun ChPt16 ChPt16_036.1 001 001 002 002 001 001 001 001 001 002 001 002 002 002
reference May_Jun ChPt16 ChPt16_038.1 001 001 001 002 002 002 001 001 001 001 001 001 001 001
reference May_Jun ChPt16 ChPt16_039.1 001 001 001 002 002 002 001 001 001 002 002 002 002 002
reference May_Jun ChPt16 ChPt16_040.1 001 001 NA NA 002 002 001 001 001 002 001 002 001 002
reference May_Jun ChPt16 ChPt16_041.1 001 002 002 002 001 002 001 001 001 001 002 002 001 001
reference May_Jun ChPt16 ChPt16_042.1 001 001 001 002 002 002 001 001 002 002 002 002 001 002
reference May_Jun ChPt16 ChPt16_043.1 001 002 001 001 001 002 001 001 001 001 001 002 002 002
reference May_Jun ChPt16 ChPt16_044.1 001 001 001 002 002 002 001 001 002 002 002 002 002 002
reference May_Jun ChPt16 ChPt16_045.1 002 002 002 002 001 002 001 001 001 002 001 002 002 002
reference May_Jun ChPt16 ChPt16_046.1 001 001 001 001 002 002 001 001 001 002 002 002 001 002
reference May_Jun ChPt16 ChPt16_047.1 002 002 001 002 002 002 001 001 001 002 001 001 001 002
reference May_Jun ChPt16 ChPt16_048.1 001 002 001 001 002 002 001 001 001 002 002 002 001 001
reference May_Jun ChPt16 ChPt16_049.1 002 002 001 002 002 002 001 001 002 002 001 002 001 001
reference May_Jun ChPt16 ChPt16_050.1 001 001 002 002 001 002 001 001 001 002 002 002 001 002
reference May_Jun ChPt16 ChPt16_051.1 001 002 002 002 001 001 001 001 001 001 001 002 001 002
reference May_Jun ChPt16 ChPt16_052.1 001 001 001 002 002 002 001 001 001 002 001 001 001 002
reference Mar_Apr ElBy15 ElBy15_009.1 001 001 001 001 001 002 001 002 001 001 001 001 001 001
reference Mar_Apr ElBy15 ElBy15_016.1 001 001 001 001 001 001 001 002 001 001 001 001 001 001
reference Mar_Apr ElBy15 ElBy15_044.1 001 001 001 001 001 001 001 002 001 001 001 001 001 001
reference Mar_Apr ElBy15 ElBy15_101.1 001 001 001 002 001 001 001 002 001 001 001 001 001 002
reference Mar_Apr ElBy15 ElBy15_103.1 001 001 001 001 001 002 001 002 001 001 001 001 001 001
reference Mar_Apr ElBy15 ElBy15_105.1 001 001 001 001 001 001 002 002 001 001 001 001 001 001
reference Mar_Apr ElBy15 ElBy15_106.1 001 001 001 001 002 002 001 002 001 001 001 001 001 001
reference Mar_Apr ElBy15 ElBy15_108.1 001 001 001 001 001 001 002 002 001 001 001 001 001 001
reference Mar_Apr ElBy15 ElBy15_109.1 001 001 002 002 001 002 001 002 001 001 001 001 001 002
reference Mar_Apr ElBy15 ElBy15_110.1 001 001 001 001 001 001 002 002 001 001 001 001 001 001
reference Mar_Apr ElBy15 ElBy15_111.1 001 001 001 001 001 002 002 002 001 001 001 001 001 001
reference Mar_Apr ElBy15 ElBy15_112.1 001 001 001 002 001 001 002 002 001 001 001 001 001 001
reference Mar_Apr ElBy15 ElBy15_113.1 001 001 001 001 001 002 001 002 001 001 001 001 001 001
reference Mar_Apr ElBy15 ElBy15_114.1 001 001 001 001 001 001 002 002 001 001 001 001 001 001
reference Mar_Apr ElBy15 ElBy15_115.1 001 001 001 002 001 001 001 002 001 001 001 001 001 001
reference Mar_Apr ElBy15 ElBy15_118.1 001 001 001 001 002 002 002 002 001 001 001 001 001 001
reference Mar_Apr ElBy15 ElBy15_119.1 001 001 001 002 001 002 001 002 001 001 001 001 001 001
reference Mar_Apr ElBy15 ElBy15_120.1 001 001 001 001 001 002 001 002 001 001 001 001 001 001
reference Mar_Apr ElBy15 ElBy15_128.1 001 001 001 001 001 001 002 002 001 001 001 001 001 001
reference Mar_Apr ElBy15 ElBy15_129.1 001 001 001 001 001 001 001 002 001 002 001 002 001 001
reference Mar_Apr ElBy15 ElBy15_176.1 001 002 001 001 001 001 002 002 001 001 001 001 001 001
reference Mar_Apr ElBy15 ElBy15_177.1 001 001 001 001 001 002 002 002 001 001 001 001 001 001
reference Mar_Apr ElBy15 ElBy15_178.1 001 001 001 001 001 002 001 002 001 001 001 001 001 001
reference Mar_Apr ElBy15 ElBy15_179.1 001 001 001 001 001 002 001 002 001 001 001 002 001 002
reference Mar_Apr ElBy15 ElBy15_180.1 001 001 001 002 001 002 002 002 001 001 001 001 001 001
reference Mar_Apr ElBy15 ElBy15_181.1 001 001 001 002 001 001 002 002 001 001 001 001 001 001
reference Mar_Apr ElBy15 ElBy15_182.1 001 001 001 001 NA NA 002 002 001 001 001 001 001 001
reference Mar_Apr ElBy15 ElBy15_183.1 001 001 001 002 001 002 002 002 001 002 001 002 001 001
reference Mar_Apr ElBy15 ElBy15_184.1 001 001 001 001 002 002 002 002 001 001 001 001 001 001
reference Mar_Apr ElBy15 ElBy15_185.1 001 001 001 001 001 002 001 002 001 001 001 001 001 001
reference Mar_Apr ElBy15 ElBy15_186.1 001 001 001 002 001 002 001 001 001 001 001 001 001 001
reference Mar_Apr ElBy15 ElBy15_187.1 001 001 001 001 001 002 001 001 001 001 001 001 001 001
reference Mar_Apr ElBy15 ElBy15_188.1 001 001 001 001 NA NA 001 002 001 001 001 001 001 001
reference Mar_Apr ElBy15 ElBy15_189.1 001 001 001 001 001 001 001 001 001 001 001 001 001 001
reference Mar_Apr ElBy15 ElBy15_190.1 001 001 001 002 001 001 002 002 001 002 001 001 001 001
reference Mar_Apr ElBy15 ElBy15_191.1 001 001 001 001 001 001 001 002 001 001 001 001 001 001
reference Mar_Apr ElBy15 ElBy15_192.1 001 001 001 001 001 001 001 002 001 001 001 001 001 001
reference Mar_Apr ElBy15 ElBy15_195.1 001 001 001 001 001 001 001 002 001 001 001 001 001 001
reference Mar_Apr ElBy15 ElBy15_197.1 001 001 001 001 001 001 002 002 001 001 001 001 001 001
reference Mar_Apr ElBy15 ElBy15_199.1 001 001 001 002 001 002 001 002 001 002 001 001 001 001
reference Mar_Apr ElBy15 ElBy15_200.1 001 001 002 002 001 002 002 002 001 001 001 001 001 001
reference Mar_Apr ElBy15 ElBy15_201.1 001 001 001 001 001 001 002 002 001 001 001 001 001 001
reference Mar_Apr ElBy15 ElBy15_203.1 001 001 001 002 001 001 001 002 001 001 001 002 001 001
reference Mar_Apr ElBy15 ElBy15_204.1 001 001 001 001 001 001 002 002 001 001 001 001 001 001
reference Mar_Apr Gabr15 Gabr15_001 001 001 001 001 001 002 002 002 001 001 001 001 001 001
reference Mar_Apr Gabr15 Gabr15_002 001 001 001 001 001 001 002 002 001 001 001 001 001 001
reference Mar_Apr Gabr15 Gabr15_003 001 001 001 001 001 002 001 001 001 001 001 001 001 001
reference Mar_Apr Gabr15 Gabr15_004 001 001 001 001 001 001 001 002 001 001 001 001 001 001
reference Mar_Apr Gabr15 Gabr15_005 001 001 001 001 002 002 001 002 001 001 001 001 001 001
reference Mar_Apr Gabr15 Gabr15_006 001 001 001 001 001 002 001 001 001 001 001 001 001 001
reference Mar_Apr Gabr15 Gabr15_007 001 001 001 001 001 002 001 002 001 001 001 002 001 001
reference Mar_Apr Gabr15 Gabr15_008 001 001 001 002 001 002 002 002 001 001 001 001 001 001
reference Mar_Apr Gabr15 Gabr15_009 001 001 001 001 001 001 001 002 001 001 001 001 001 001
reference Mar_Apr Gabr15 Gabr15_010 001 001 001 002 001 002 001 002 001 001 001 001 001 002
reference Mar_Apr Gabr15 Gabr15_011 001 001 001 001 001 001 001 002 001 001 001 001 001 002
reference Mar_Apr Gabr15 Gabr15_012 001 001 001 001 001 002 001 002 001 001 001 001 001 001
reference Mar_Apr Gabr15 Gabr15_013 001 001 001 002 001 001 001 002 001 002 001 001 001 001
reference Mar_Apr Gabr15 Gabr15_014 001 001 001 001 001 002 002 002 001 001 001 001 001 001
reference Mar_Apr Gabr15 Gabr15_015 001 001 001 002 001 002 001 002 001 001 001 001 001 001
reference Mar_Apr Gabr15 Gabr15_016 001 001 001 002 001 001 002 002 001 001 001 001 001 001
reference Mar_Apr Gabr15 Gabr15_017 001 001 001 001 001 002 002 002 001 001 001 001 001 001
reference Mar_Apr Gabr15 Gabr15_018 001 002 001 001 001 002 001 002 001 001 001 001 001 001
reference Mar_Apr Gabr15 Gabr15_019 001 001 001 001 001 002 001 002 001 001 001 001 001 001
reference Mar_Apr Gabr15 Gabr15_020 001 001 001 001 001 002 002 002 001 001 001 001 001 001
reference Mar_Apr Gabr15 Gabr15_021 001 001 001 001 001 001 001 001 001 001 001 002 001 001
reference Mar_Apr Gabr15 Gabr15_022 001 001 001 001 001 002 001 002 001 001 001 001 001 001
reference Mar_Apr Gabr15 Gabr15_023 001 001 001 001 002 002 002 002 001 001 001 001 001 001
reference Mar_Apr Gabr15 Gabr15_024 001 001 001 002 001 002 001 002 001 001 001 002 001 002
reference Mar_Apr Gabr15 Gabr15_025 001 001 001 001 002 002 001 002 001 001 001 001 001 001
reference Mar_Apr Gabr15 Gabr15_026 001 001 001 001 001 002 001 001 001 002 001 001 001 002
reference Mar_Apr Gabr15 Gabr15_027 001 001 001 002 001 002 002 002 001 001 001 001 001 001
reference Mar_Apr Gabr15 Gabr15_028 001 001 001 001 001 001 001 001 001 001 001 001 001 001
reference Mar_Apr Gabr15 Gabr15_030 001 001 001 001 001 001 002 002 001 001 001 001 001 001
reference Mar_Apr Gabr15 Gabr15_031 001 001 001 001 001 002 002 002 001 001 001 001 001 001
reference Mar_Apr Gabr15 Gabr15_032 001 001 001 001 001 001 002 002 001 001 001 001 001 001
reference Mar_Apr Gabr15 Gabr15_033 001 001 001 001 001 002 001 001 001 001 001 001 001 001
reference Mar_Apr Gabr15 Gabr15_034 001 001 001 002 001 002 002 002 001 001 001 001 001 001
reference Mar_Apr Gabr15 Gabr15_035 001 001 001 001 001 001 001 002 001 001 001 001 001 001
reference Mar_Apr Gabr15 Gabr15_036 001 001 001 001 001 001 001 002 001 001 001 002 001 002
reference Mar_Apr Gabr15 Gabr15_037 001 001 001 001 001 001 001 002 001 001 001 001 001 001
reference Mar_Apr Gabr15 Gabr15_038 001 001 001 002 001 002 002 002 001 001 001 001 001 001
reference Mar_Apr Gabr15 Gabr15_039 001 001 001 002 001 001 001 002 001 001 001 001 001 001
reference Mar_Apr Gabr15 Gabr15_040 001 002 001 001 001 001 002 002 001 001 001 001 001 001
reference Mar_Apr Gabr15 Gabr15_041 001 002 001 001 001 001 001 002 001 001 001 001 001 001
reference Mar_Apr Gabr15 Gabr15_042 001 001 001 001 001 001 001 001 001 001 001 001 001 001
reference Mar_Apr Gabr15 Gabr15_043 001 001 001 001 002 002 001 002 001 002 001 001 001 001
reference Mar_Apr Gabr15 Gabr15_044 001 001 001 002 001 001 001 002 001 001 001 001 001 001
reference Mar_Apr Gabr15 Gabr15_045 001 001 001 001 001 001 001 002 001 001 001 001 001 001
reference Mar_Apr Gabr15 Gabr15_046 001 001 001 002 001 001 002 002 001 001 001 001 001 001
reference Jan_Feb Port14 Port14_001 001 002 001 002 001 001 002 002 001 002 001 002 001 002
reference Jan_Feb Port14 Port14_002 001 001 001 001 001 001 002 002 001 001 001 002 002 002
reference Jan_Feb Port14 Port14_003 001 001 001 001 001 001 001 002 002 002 001 001 001 001
reference Jan_Feb Port14 Port14_004 001 001 001 001 001 001 002 002 002 002 001 001 001 001
reference Jan_Feb Port14 Port14_005 001 001 001 001 001 001 002 002 001 001 001 002 001 001
reference Jan_Feb Port14 Port14_006 001 001 001 002 001 001 001 002 001 002 001 002 001 002
reference Jan_Feb Port14 Port14_007 001 001 001 001 001 002 002 002 001 002 001 001 001 001
reference Jan_Feb Port14 Port14_009 001 001 001 001 001 001 001 002 001 002 001 002 001 001
reference Jan_Feb Port14 Port14_010 001 001 001 001 001 002 002 002 002 002 001 002 001 001
reference Jan_Feb Port14 Port14_011 001 001 001 001 002 002 002 002 002 002 001 001 001 001
reference Jan_Feb Port14 Port14_012 001 001 001 001 001 002 002 002 001 002 001 001 001 001
reference Jan_Feb Port14 Port14_013 001 001 001 002 001 001 002 002 002 002 001 002 001 002
reference Jan_Feb Port14 Port14_014 001 001 001 001 001 001 002 002 002 002 001 001 002 002
reference Jan_Feb Port14 Port14_015 001 002 001 001 001 002 001 001 001 002 001 002 001 001
reference Jan_Feb Port14 Port14_016 001 001 001 001 001 001 002 002 002 002 001 002 001 001
reference Jan_Feb Port14 Port14_017 001 001 001 001 001 001 002 002 001 002 001 001 001 002
reference Jan_Feb Port14 Port14_018 001 001 001 002 001 002 002 002 002 002 001 001 001 001
reference Jan_Feb Port14 Port14_019 001 001 001 001 001 002 002 002 001 002 001 002 001 001
reference Jan_Feb Port14 Port14_020 001 001 001 001 001 002 002 002 001 001 001 001 001 002
reference Jan_Feb Port14 Port14_021 001 001 001 002 001 001 002 002 001 001 001 001 NA NA
reference Jan_Feb Port14 Port14_022 001 001 001 001 001 001 002 002 001 002 001 002 001 001
reference Jan_Feb Port14 Port14_023 001 002 001 001 001 002 002 002 001 002 001 002 001 001
reference Jan_Feb Port14 Port14_024 001 001 001 001 001 001 002 002 001 001 001 001 001 001
reference Jan_Feb Port14 Port14_025 001 001 001 002 001 002 002 002 001 001 001 002 001 001
reference Jan_Feb Port14 Port14_026 001 001 001 001 001 001 002 002 001 002 001 002 002 002
reference Jan_Feb Port14 Port14_027 001 001 001 001 001 002 002 002 001 001 001 001 001 002
reference Jan_Feb Port14 Port14_028 001 001 001 001 001 002 001 002 001 001 001 001 001 001
reference Jan_Feb Port14 Port14_029 001 001 001 001 002 002 001 002 001 001 001 001 002 002
reference Jan_Feb Port14 Port14_030 001 001 001 001 002 002 002 002 001 002 001 002 001 001
reference Jan_Feb Port14 Port14_033 001 001 001 002 001 001 001 001 001 001 001 002 001 001
reference Jan_Feb Port14 Port14_034 001 001 002 002 001 001 002 002 002 002 001 002 001 001
reference Jan_Feb Port14 Port14_035 001 001 001 002 001 002 001 002 001 001 001 002 NA NA
reference Jan_Feb Port14 Port14_036 001 002 001 002 001 001 001 002 001 001 001 002 001 001
reference Jan_Feb Port14 Port14_037 001 001 001 002 001 001 002 002 001 001 001 002 001 002
reference Jan_Feb Port14 Port14_038 001 001 001 001 001 002 002 002 001 001 002 002 001 001
reference Jan_Feb Port14 Port14_040 001 001 001 002 001 001 002 002 001 002 001 002 001 001
reference Jan_Feb Port14 Port14_041 001 001 001 001 001 002 002 002 002 002 001 002 001 002
reference Jan_Feb Port14 Port14_042 001 001 001 001 001 001 002 002 001 002 001 001 001 002
reference Jan_Feb Port14 Port14_044 001 001 001 001 001 002 001 002 001 002 001 001 001 002
reference Jan_Feb Port14 Port14_045 001 001 001 002 NA NA 002 002 001 001 001 002 001 001
reference Jan_Feb Port14 Port14_048 001 001 001 001 001 002 002 002 001 002 001 002 001 002
reference Mar_Apr PtGb14 PtGb14_003 001 001 001 001 001 001 001 002 001 001 001 001 001 001
reference Mar_Apr PtGb14 PtGb14_008 001 001 001 001 001 001 001 001 001 001 001 002 001 002
reference Mar_Apr PtGb14 PtGb14_010 001 001 001 001 001 001 002 002 001 001 001 001 001 001
reference Mar_Apr PtGb14 PtGb14_013 001 001 001 001 001 001 002 002 001 002 001 002 001 002
reference Mar_Apr PtGb14 PtGb14_019 001 001 001 001 001 002 001 001 001 001 001 001 001 001
reference Mar_Apr PtGb14 PtGb14_021 001 001 001 002 001 001 002 002 001 001 001 001 001 001
reference Mar_Apr PtGb14 PtGb14_025 001 001 001 001 001 001 001 001 001 001 001 001 001 001
reference Mar_Apr PtGb14 PtGb14_030 001 001 001 001 001 002 001 002 001 002 001 001 001 001
reference Mar_Apr PtGb14 PtGb14_041 001 001 001 001 001 001 001 001 001 001 001 001 001 001
reference Mar_Apr PtGb14 PtGb14_044 001 001 001 001 001 001 001 002 001 001 001 001 001 001
reference Mar_Apr PtGb14 PtGb14_045 001 001 001 001 002 002 001 002 001 001 001 001 001 001
reference Mar_Apr PtGb14 PtGb14_054 001 001 001 001 001 002 001 001 001 001 001 001 001 001
reference Mar_Apr PtGb14 PtGb14_057 001 001 001 001 001 001 001 001 001 001 001 001 001 001
reference Mar_Apr PtGb14 PtGb14_073 001 001 001 002 001 002 002 002 001 001 001 001 NA NA
reference Mar_Apr PtGb14 PtGb14_080 001 001 001 001 001 001 002 002 001 001 001 001 001 001
reference Mar_Apr PtGb14 PtGb14_091 001 001 001 001 001 001 001 001 001 002 001 001 001 001
reference Mar_Apr PtGb14 PtGb14_094 001 001 001 001 001 001 001 001 001 001 001 002 001 001
reference Mar_Apr PtGb14 PtGb14_096 001 001 001 001 001 001 001 002 001 001 001 001 001 001
reference Mar_Apr QlBy14 QlBy14_001 001 001 001 001 001 001 001 002 001 001 001 001 001 001
reference Mar_Apr QlBy14 QlBy14_008 001 001 001 001 002 002 002 002 001 001 001 001 001 001
reference Mar_Apr QlBy14 QlBy14_009 001 001 001 001 001 001 002 002 001 001 001 001 001 001
reference Mar_Apr QlBy14 QlBy14_014 001 001 001 001 001 001 002 002 001 001 001 001 001 001
reference Mar_Apr QlBy14 QlBy14_015 001 001 001 002 001 001 001 002 001 001 001 001 NA NA
reference Mar_Apr QlBy14 QlBy14_016 001 001 001 001 001 002 001 002 001 001 001 001 001 002
reference Mar_Apr QlBy14 QlBy14_019 001 001 001 001 001 002 001 002 001 001 001 001 001 001
reference Mar_Apr QlBy14 QlBy14_020 001 001 001 001 001 002 001 001 001 002 001 002 001 001
reference Mar_Apr QlBy14 QlBy14_024 001 001 002 002 002 002 002 002 NA NA 001 001 001 001
reference Mar_Apr QlBy14 QlBy14_032 001 001 001 002 NA NA 001 001 001 001 001 001 001 001
reference Mar_Apr QlBy14 QlBy14_033 001 001 001 002 001 001 001 002 001 001 001 001 001 001
reference Mar_Apr QlBy14 QlBy14_034 001 001 001 001 001 002 002 002 001 001 001 001 001 002
reference Mar_Apr QlBy14 QlBy14_042 001 001 001 001 001 001 002 002 001 001 001 001 001 001
reference Mar_Apr QlBy14 QlBy14_062 001 001 001 001 001 001 002 002 001 001 001 001 001 002
reference Mar_Apr QlBy14 QlBy14_065 001 001 002 002 001 001 002 002 001 001 001 001 NA NA
reference Mar_Apr QlBy14 QlBy14_067 001 001 001 001 001 001 002 002 001 001 001 001 001 001
reference Jan_Feb SmBy15 SmBy15_001 001 001 001 001 001 002 001 002 002 002 001 001 001 002
reference Jan_Feb SmBy15 SmBy15_002 001 001 001 001 001 001 001 002 002 002 001 001 001 001
reference Jan_Feb SmBy15 SmBy15_003 001 001 001 001 001 001 001 001 001 001 001 001 001 001
reference Jan_Feb SmBy15 SmBy15_004 001 001 001 002 001 001 001 002 001 001 001 001 001 001
reference Jan_Feb SmBy15 SmBy15_005 001 002 001 001 001 001 001 002 002 002 001 001 001 001
reference Jan_Feb SmBy15 SmBy15_006 001 002 001 001 001 001 001 002 002 002 001 001 001 001
reference Jan_Feb SmBy15 SmBy15_007 001 001 001 001 001 002 001 001 001 001 001 001 001 002
reference Jan_Feb SmBy15 SmBy15_008 001 001 001 001 001 002 002 002 001 001 001 001 001 001
reference Jan_Feb SmBy15 SmBy15_009 001 001 001 001 001 002 002 002 002 002 001 001 001 002
reference Jan_Feb SmBy15 SmBy15_010 001 001 001 001 001 001 001 002 001 002 001 002 001 001
reference Jan_Feb SmBy15 SmBy15_011 001 001 001 002 001 002 001 002 002 002 001 002 002 002
reference Jan_Feb SmBy15 SmBy15_012 001 001 001 001 001 002 001 001 002 002 001 002 001 001
reference Jan_Feb SmBy15 SmBy15_013 001 001 001 001 001 001 002 002 001 001 001 001 001 001
reference Jan_Feb SmBy15 SmBy15_014 001 001 001 001 001 001 002 002 001 001 001 001 001 001
reference Jan_Feb SmBy15 SmBy15_015 001 001 001 001 001 001 002 002 001 001 001 001 001 001
reference Jan_Feb SmBy15 SmBy15_016 001 002 001 001 001 001 002 002 001 001 001 001 001 001
reference Jan_Feb SmBy15 SmBy15_017 001 001 001 002 001 002 001 002 002 002 001 002 001 001
reference Jan_Feb SmBy15 SmBy15_018 001 001 001 001 NA NA 002 002 001 001 001 001 001 001
reference Jan_Feb SmBy15 SmBy15_019 001 001 001 001 NA NA 002 002 001 001 001 001 001 001
reference Jan_Feb SmBy15 SmBy15_020 001 001 001 002 001 002 001 002 002 002 001 002 001 001
reference Jan_Feb SmBy15 SmBy15_021 001 002 001 002 002 002 002 002 001 002 001 001 001 002
reference Jan_Feb SmBy15 SmBy15_022 001 001 001 001 001 001 001 001 001 002 001 002 001 001
reference Jan_Feb SmBy15 SmBy15_023 001 001 001 001 001 002 002 002 001 001 001 001 001 001
reference Jan_Feb SmBy15 SmBy15_024 001 001 001 001 001 001 001 002 001 001 001 001 001 001
reference Jan_Feb SmBy15 SmBy15_025 001 001 001 001 001 001 001 001 001 002 001 002 001 002
reference Jan_Feb SmBy15 SmBy15_026 001 001 001 001 002 002 001 002 001 001 001 001 001 001
reference Jan_Feb SmBy15 SmBy15_027 001 001 001 001 001 002 001 002 001 001 001 002 NA NA
reference Jan_Feb SmBy15 SmBy15_028 001 001 001 001 001 001 001 002 002 002 001 001 NA NA
reference Jan_Feb SmBy15 SmBy15_029 001 001 001 001 001 002 001 002 001 002 002 002 001 001
reference Jan_Feb SmBy15 SmBy15_030 001 001 001 002 001 001 001 002 001 001 001 001 001 001
reference Jan_Feb SmBy15 SmBy15_032 001 002 001 001 001 002 002 002 001 001 001 001 001 002
reference Jan_Feb SmBy15 SmBy15_033 001 001 001 001 001 001 001 001 001 001 001 001 001 001
reference Jan_Feb SmBy15 SmBy15_034 001 001 001 002 001 001 001 001 002 002 001 001 002 002
reference Jan_Feb SmBy15 SmBy15_035 001 001 001 001 001 002 002 002 001 001 001 001 001 001
reference Jan_Feb SmBy15 SmBy15_036 001 001 001 002 001 001 001 002 001 001 001 001 NA NA
reference Jan_Feb SmBy15 SmBy15_037 001 002 001 001 001 001 002 002 001 002 001 001 001 001
reference Jan_Feb SmBy15 SmBy15_038 001 001 001 001 NA NA 002 002 001 002 001 001 001 001
reference Jan_Feb SmBy15 SmBy15_039 001 001 001 002 001 002 002 002 002 002 001 001 001 002
reference Jan_Feb SmBy15 SmBy15_040 001 001 001 001 002 002 001 002 001 002 001 002 001 002
reference Jan_Feb SmBy15 SmBy15_041 001 001 001 001 001 001 002 002 001 001 001 001 001 001
reference Jan_Feb SmBy15 SmBy15_042 001 001 001 001 001 001 002 002 001 001 001 001 001 001
reference Jan_Feb SmBy15 SmBy15_043 001 001 001 001 001 002 002 002 001 001 001 001 001 001
reference Jan_Feb SmBy15 SmBy15_044 001 001 001 001 001 002 001 001 001 001 001 001 001 002
reference Jan_Feb SmBy15 SmBy15_045 001 001 001 001 001 001 002 002 001 001 001 001 001 001
reference Jan_Feb SmBy15 SmBy15_046 001 001 001 001 001 002 001 001 001 001 001 001 001 001
reference Jan_Feb SmBy15 SmBy15_047 001 001 001 001 001 001 002 002 001 001 001 001 001 001
reference Jan_Feb SmBy15 SmBy15_048 001 001 001 001 001 002 001 002 001 001 001 002 001 001
