ID	LD1	LD2	LD3	CHROM	POS	REF	ALT	Ho	Hs	Ht	Dst	Htp	Dstp	Fst	Fstp	Fis	Dest
Locus_8468	0.0121514128001185	0.00338606664160962	0.000318974446821016	LR535871.1	10962896	T	C	0.2663	0.3068	0.4988	0.1921	0.5228	0.2161	0.385	0.4133	0.1318	0.3117
Locus_19651	0.00481500835169013	0.000298740581440175	1.43672011045157e-05	LR535860.1	14695893	G	A	0.3595	0.4017	0.4849	0.0832	0.4953	0.0936	0.1716	0.189	0.1051	0.1564
Locus_30660	0.00383431674496055	6.59099345649543e-06	0.0001853362197942	LR535861.1	6550914	G	T	0.2508	0.2965	0.3626	0.0661	0.3709	0.0744	0.1823	0.2005	0.1543	0.1057
Locus_481	0.00373048211534086	0.000197309714449448	0.000216416938189397	LR535857.1	20371593	G	T	0.2147	0.2122	0.2918	0.0796	0.3017	0.0895	0.2727	0.2967	-0.0118	0.1136
Locus_37605	0.00346529508021146	0.000179789193871111	0.000202030238714338	LR535866.1	16267879	C	T	0.3808	0.4199	0.4826	0.0628	0.4905	0.0706	0.13	0.144	0.0931	0.1217
Locus_22402	0.00333219584237835	0.00268425978992668	0.000181179900763097	LR535871.1	11002499	T	C	0.3068	0.3067	0.356	0.0493	0.3622	0.0555	0.1386	0.1533	-4e-04	0.0801
Locus_31014	0.00317309879940849	0.000208231462003284	4.52264728356682e-05	LR535861.1	13671329	C	T	0.2437	0.2675	0.3562	0.0887	0.3673	0.0998	0.2491	0.2718	0.0889	0.1363
Locus_26568	0.00291963644037308	7.13157217084998e-05	0.000112331647960005	LR535860.1	18156991	G	A	0.1725	0.1756	0.2266	0.0509	0.2329	0.0573	0.2248	0.246	0.018	0.0695
Locus_725	0.00257710795114758	0.000466274139443901	0.000148048679913263	LR535857.1	17400907	G	T	0.2845	0.2649	0.3547	0.0898	0.366	0.101	0.2531	0.276	-0.0738	0.1374
Locus_24510	0.00239073836571324	5.36084640281481e-05	5.43712109439092e-05	LR535860.1	18150239	A	G	0.1458	0.1502	0.197	0.0468	0.2028	0.0527	0.2377	0.2597	0.029	0.062
Locus_40051	0.00237084880037535	8.17349664889286e-07	0.000299343116930101	LR535857.1	21076158	A	C	0.2566	0.2844	0.3455	0.0612	0.3532	0.0688	0.177	0.1948	0.0976	0.0961
Locus_6354	0.0023485957349697	0.000105642645329179	0.000217897356181323	LR535866.1	16705568	G	T	0.3854	0.4146	0.4655	0.0509	0.4718	0.0573	0.1094	0.1214	0.0705	0.0978
Locus_3605	0.00213234146725655	0.000398830643526104	1.68934405085113e-05	LR535857.1	18296891	A	C	0.3377	0.3647	0.4358	0.0711	0.4447	0.08	0.1632	0.1799	0.074	0.1259
Locus_15366	0.002033368607888	0.000518071268381131	0.000245301762912112	LR535876.1	26399108	A	G	0.3317	0.3629	0.4413	0.0784	0.4511	0.0883	0.1777	0.1956	0.086	0.1385
Locus_13956	0.0019803943624411	8.89363831128549e-05	9.99678569247399e-05	LR535861.1	13226726	A	C	0.3856	0.421	0.4807	0.0598	0.4882	0.0672	0.1243	0.1377	0.084	0.1161
Locus_27165	0.00190514084247768	0.00104900681457913	2.83289147006086e-06	LR535871.1	14867205	C	G	0.2625	0.3089	0.3586	0.0496	0.3648	0.0559	0.1385	0.1531	0.1503	0.0808
Locus_37009	0.00184284516732317	0.00105807977039531	0.000485629518923531	LR535861.1	13677455	G	A	0.2968	0.3227	0.4049	0.0822	0.4152	0.0925	0.2031	0.2228	0.0802	0.1366
Locus_6097	0.00184111293095814	0.000258747808129216	3.69762675856177e-06	LR535857.1	17400993	T	C	0.3623	0.338	0.3991	0.061	0.4067	0.0687	0.1529	0.1688	-0.0719	0.1037
Locus_10931	0.00175300636163066	0.000195506826091424	2.08700695374593e-05	LR535871.1	11014499	A	G	0.2118	0.2395	0.2714	0.0319	0.2754	0.0359	0.1174	0.1302	0.1159	0.0472
Locus_15583	0.00157106960588506	5.87591737517355e-05	6.51366376454251e-09	LR535873.1	10533501	C	T	0.3582	0.3686	0.4115	0.0429	0.4169	0.0483	0.1043	0.1158	0.0281	0.0765
Locus_4280	0.00153235905918954	0.00136539902078699	4.45022491015291e-06	LR535871.1	11393355	T	A	0.1854	0.2063	0.2479	0.0417	0.2531	0.0469	0.1681	0.1852	0.101	0.0591
Locus_22785	0.0014527742220507	0.00228381023480451	9.82859461485099e-05	LR535871.1	703043	G	T	0.2476	0.2626	0.3171	0.0544	0.3239	0.0612	0.1717	0.1891	0.0573	0.0831
Locus_3244	0.00139658865408528	0.000246413288487981	8.47053724932058e-08	LR535871.1	10944419	C	T	0.1061	0.094	0.118	0.024	0.121	0.0269	0.203	0.2228	-0.1283	0.0297
Locus_4581	0.00139471010097692	0.00376363860992217	0.000122802334902016	LR535858.1	24148150	G	T	0.402	0.4419	0.4933	0.0514	0.4997	0.0578	0.1042	0.1157	0.0902	0.1036
Locus_8740	0.00134203157908839	0.00150729933152148	4.16530394989862e-05	LR535860.1	14701779	T	A	0.1923	0.2111	0.2358	0.0247	0.2389	0.0278	0.1048	0.1163	0.0892	0.0352
Locus_20984	0.00131175796386491	0.00384987132093102	3.37526079630027e-05	LR535860.1	12387711	T	A	0.2847	0.2876	0.3321	0.0446	0.3377	0.0502	0.1342	0.1485	0.0098	0.0704
Locus_10980	0.001297229694517	0.000521710154137229	6.26198632420797e-05	LR535864.1	24458014	T	A	0.3423	0.3903	0.4695	0.0791	0.4794	0.089	0.1686	0.1857	0.123	0.146
Locus_14649	0.00124680216594462	0.000618175122824624	0.000278486758993341	LR535868.1	14615519	G	A	0.2189	0.2648	0.3145	0.0497	0.3207	0.0559	0.1581	0.1744	0.1731	0.0761
Locus_33523	0.00120964880945098	0.000587580363774105	2.19821941501903e-05	LR535864.1	29131619	T	C	0.3154	0.3327	0.4353	0.1026	0.4482	0.1155	0.2358	0.2576	0.052	0.173
Locus_37771	0.00115451091706164	0.00327710178687975	0.000130891363156235	LR535860.1	12268495	G	A	0.1729	0.2163	0.2628	0.0465	0.2686	0.0523	0.177	0.1948	0.2005	0.0668
Locus_18960	0.00107561333335689	0.00058536565240471	5.8080351086057e-05	LR535864.1	29188431	C	A	0.2986	0.3175	0.4169	0.0994	0.4293	0.1118	0.2384	0.2605	0.0593	0.1638
Locus_24029	0.00103974347780488	0.000886695029698075	0.00215596202126868	LR535860.1	14701865	T	G	0.3308	0.1667	0.2761	0.1094	0.2898	0.1231	0.3963	0.4248	-0.9847	0.1477
Locus_95	0.00103138627668427	0.00066021688975199	0.000147804336302521	LR535864.1	24457928	C	T	0.3072	0.3953	0.4709	0.0756	0.4803	0.085	0.1605	0.177	0.2229	0.1406
Locus_8957	0.000976267670862018	4.7871958176016e-05	6.42715873790503e-06	LR535868.1	14635192	C	T	0.1839	0.2124	0.2529	0.0406	0.258	0.0456	0.1604	0.1769	0.1341	0.0579
Locus_18088	0.000960190952074884	0.000526968935829666	1.76368522193502e-05	LR535864.1	26424394	C	T	0.2761	0.3273	0.4167	0.0893	0.4278	0.1005	0.2144	0.2349	0.1566	0.1494
Locus_17084	0.000929654710519225	0.000738798454080723	6.52019014183668e-05	LR535868.1	7993550	C	G	0.1838	0.2027	0.2278	0.025	0.2309	0.0282	0.1099	0.122	0.0934	0.0353
Locus_3665	0.000872165222355155	0.000321470749544237	4.01125355301905e-05	LR535864.1	27112111	G	A	0.3082	0.3192	0.3918	0.0726	0.4009	0.0817	0.1854	0.2038	0.0343	0.12
Locus_29131	0.00087140128844098	0.000488326926698139	0.000137323798219965	LR535864.1	25978072	C	A	0.3054	0.3354	0.4289	0.0936	0.4406	0.1052	0.2181	0.2389	0.0894	0.1584
Locus_1620	0.000844522428160942	0.000680703745451976	3.39262969042114e-05	LR535864.1	23483036	C	T	0.3168	0.3371	0.4304	0.0933	0.442	0.105	0.2168	0.2375	0.0601	0.1583
Locus_42513	0.000720111669397965	0.000370895107107766	8.08792253116433e-06	LR535864.1	23098355	T	C	0.3608	0.3943	0.4723	0.078	0.4821	0.0878	0.1652	0.1821	0.0851	0.1449
Locus_36297	0.000688724713003518	0.000876389517063659	3.47671461577336e-05	LR535868.1	8011081	C	T	0.1627	0.1643	0.198	0.0337	0.2023	0.038	0.1704	0.1877	0.0095	0.0454
Locus_11907	0.000625747017154497	4.7819603296333e-05	3.57274171292514e-05	LR535868.1	7966784	T	C	0.2435	0.2482	0.2775	0.0293	0.2812	0.0329	0.1055	0.1172	0.0189	0.0438
Locus_5200	0.000624041798405227	0.00049804595690153	2.1098702135256e-06	LR535864.1	26788816	T	A	0.2842	0.3048	0.3592	0.0544	0.366	0.0612	0.1514	0.1672	0.0676	0.088
Locus_23507	0.000619002542791657	0.000451285257575006	2.00008321303889e-05	LR535864.1	23372997	C	T	0.368	0.3933	0.466	0.0727	0.4751	0.0818	0.156	0.1721	0.0644	0.1348
Locus_10170	0.000608337023005539	0.00127696375082732	9.13508116848361e-05	LR535860.1	12268409	G	T	0.1624	0.2255	0.2541	0.0286	0.2577	0.0322	0.1126	0.1249	0.28	0.0416
Locus_23750	0.000590463984776213	0.000189838083466519	2.08891787499564e-06	LR535864.1	30536530	T	G	0.257	0.2861	0.3259	0.0399	0.3309	0.0449	0.1224	0.1356	0.1016	0.0629
Locus_15980	0.000559882985690216	0.000351050037886668	0.000206381580575977	LR535868.1	7879127	A	T	0.1952	0.1917	0.2184	0.0267	0.2218	0.03	0.1222	0.1354	-0.0179	0.0371
Locus_9465	0.000536629151951759	0.000500114801816775	9.18107272013737e-07	LR535864.1	27642643	A	G	0.3705	0.4217	0.4864	0.0648	0.4945	0.0728	0.1331	0.1473	0.1213	0.126
Locus_33366	0.000506595677834812	4.83550110705922e-06	0.000406568991366992	LR535864.1	23250637	A	C	0.4385	0.4377	0.4889	0.0511	0.4953	0.0575	0.1046	0.1162	-0.0018	0.1023
Locus_20740	0.000502251246393506	0.00155251000481121	0.000107185042195136	LR535871.1	9241078	C	A	0.2667	0.2951	0.3298	0.0347	0.3342	0.0391	0.1053	0.1169	0.096	0.0554
Locus_24907	0.000501141136598136	0.000131398407756572	2.52566834511494e-05	LR535861.1	12538216	C	T	0.1175	0.1231	0.1383	0.0152	0.1402	0.0171	0.1099	0.122	0.0453	0.0195
Locus_13329	0.000493467024636284	0.00053215466315478	1.28581817114495e-05	LR535868.1	9117429	C	A	0.2408	0.2873	0.3283	0.041	0.3334	0.0461	0.1248	0.1382	0.162	0.0647
Locus_33227	0.000461858058340212	0.000554996022944631	2.0071065631995e-05	LR535868.1	9117343	C	A	0.2748	0.2863	0.3275	0.0412	0.3327	0.0464	0.1259	0.1395	0.0401	0.065
Locus_38176	0.000443005239816805	0.000295652584037434	6.3403292915296e-05	LR535871.1	7292613	A	G	0.3835	0.4149	0.4898	0.0749	0.4992	0.0843	0.1529	0.1688	0.0758	0.144
Locus_31212	0.000435724750170867	0.000163243670813787	0.000272335695829795	LR535868.1	7582110	C	T	0.2146	0.2705	0.3019	0.0314	0.3058	0.0353	0.1039	0.1153	0.2068	0.0483
Locus_21367	0.000429083080861974	0.000179855643221199	3.02303111174757e-05	LR535868.1	20754870	A	G	0.2614	0.3032	0.3779	0.0747	0.3873	0.0841	0.1978	0.2171	0.1378	0.1207
Locus_7239	0.000399303130705285	6.91382496766009e-05	0.000677035208647904	LR535871.1	5327082	C	T	0.2163	0.2985	0.332	0.0335	0.3362	0.0377	0.1009	0.1121	0.2755	0.0537
Locus_34122	0.000372355825909746	7.54862105971909e-05	1.64077484868627e-05	LR535868.1	17509186	C	A	0.2481	0.2705	0.3168	0.0462	0.3225	0.052	0.146	0.1613	0.083	0.0713
Locus_10705	0.000369952308928074	0.00013572107522848	1.72716000042885e-05	LR535868.1	21381945	T	A	0.2761	0.3005	0.3407	0.0403	0.3457	0.0453	0.1182	0.131	0.0809	0.0647
Locus_19219	0.0003478158305173	0.000329861589041268	8.69213583878603e-05	LR535871.1	7273482	T	C	0.3893	0.4114	0.4864	0.075	0.4958	0.0843	0.1541	0.1701	0.0537	0.1433
Locus_16936	0.000328149334535185	2.75910203186407e-06	2.29617979564087e-05	LR535868.1	17889306	A	C	0.4375	0.443	0.5002	0.0571	0.5073	0.0643	0.1142	0.1267	0.0125	0.1154
Locus_47367	0.000306549246550302	1.1018412395824e-05	0.00583898649716069	LR535878.1	21803378	T	G	0.5514	0.2778	0.3994	0.1216	0.4146	0.1368	0.3045	0.33	-0.9852	0.1895
Locus_36401	0.000300090525302026	0.000108100326314864	2.58905279590185e-05	LR535868.1	19686551	A	G	0.3192	0.3569	0.4209	0.064	0.4289	0.0721	0.1522	0.168	0.1056	0.112
Locus_34133	0.000284108401847629	0.0001845417538785	1.62220671025073e-05	LR535868.1	17958842	G	T	0.3234	0.34	0.4255	0.0854	0.4362	0.0961	0.2008	0.2204	0.049	0.1456
Locus_30330	0.000281493709238532	0.000305333335327524	1.48673913585985e-06	LR535871.1	2821826	A	G	0.3851	0.3908	0.4356	0.0448	0.4412	0.0504	0.1028	0.1142	0.0145	0.0827
Locus_2866	0.000281225973873265	1.44845266810589e-05	0.00565377417222676	LR535861.1	13032569	T	G	0.5379	0.2776	0.409	0.1314	0.4254	0.1478	0.3213	0.3475	-0.938	0.2046
Locus_28192	0.000278370389854858	0.000503509437545544	1.89123737754513e-07	LR535868.1	7352756	T	C	0.2347	0.2554	0.2911	0.0357	0.2956	0.0402	0.1226	0.1359	0.0812	0.0539
Locus_33667	0.000271493179237747	6.85505787256401e-05	1.96535230408939e-06	LR535868.1	15140374	A	C	0.2091	0.2318	0.2636	0.0318	0.2676	0.0358	0.1207	0.1337	0.0978	0.0466
Locus_24697	0.000235623965688958	0.000314275308017959	5.34021850696661e-05	LR535868.1	23808222	T	C	0.2741	0.3009	0.3737	0.0728	0.3829	0.082	0.1949	0.2141	0.0891	0.1172
Locus_4226	0.000228859714803316	0.000263495662881703	7.49739700019225e-06	LR535868.1	22272872	G	A	0.3178	0.3463	0.4265	0.0803	0.4366	0.0903	0.1882	0.2068	0.0822	0.1381
Locus_38333	0.000228089936370377	8.25732586141901e-05	0.000159255533687809	LR535868.1	13616758	G	A	0.1518	0.1638	0.1827	0.0189	0.1851	0.0213	0.1037	0.1152	0.0731	0.0255
Locus_10495	0.00018948140305989	3.54245199399383e-05	0.00150707441170816	LR535874.1	9347576	A	C	0.2641	0.1602	0.2294	0.0692	0.238	0.0778	0.3015	0.3269	-0.6487	0.0926
Locus_45640	0.000184629866791696	5.17943352993465e-06	0.00386141874355233	LR535864.1	27690547	T	G	0.5369	0.2778	0.3961	0.1183	0.4109	0.1331	0.2986	0.3239	-0.9325	0.1843
Locus_674	0.00016854301657045	2.58477675668738e-07	0.00392805667134966	LR535877.1	10191636	A	G	0.4648	0.2702	0.3569	0.0867	0.3678	0.0976	0.243	0.2653	-0.7203	0.1337
Locus_11921	0.000106984377251032	0.000134400555912043	0.000138544978368412	LR535863.1	22145227	C	A	0.2734	0.3668	0.4505	0.0837	0.461	0.0942	0.1859	0.2044	0.2545	0.1488
Locus_30124	9.33724633181709e-05	0.000299130278362186	0.000306642505267748	LR535871.1	16163284	G	A	0.384	0.4076	0.4589	0.0513	0.4653	0.0577	0.1117	0.1239	0.0579	0.0973
Locus_26738	7.18851645932025e-05	0.00068661586460316	3.60564380883022e-05	LR535872.1	2200801	G	A	0.2529	0.278	0.3205	0.0426	0.3259	0.0479	0.1328	0.147	0.0903	0.0663
Locus_35493	7.0289905125473e-05	8.85509920506353e-05	4.15545942798998e-06	LR535863.1	25745551	C	G	0.2797	0.3517	0.4011	0.0494	0.4073	0.0556	0.1232	0.1365	0.2048	0.0857
Locus_38896	6.44888748622507e-05	0.000251930622672402	4.22158750905846e-05	LR535863.1	24864465	A	G	0.2654	0.3293	0.3953	0.066	0.4036	0.0742	0.1669	0.184	0.1941	0.1107
Locus_36702	6.15651740085872e-05	0.000291906441023408	2.6997305215057e-05	LR535863.1	21128391	C	G	0.2722	0.3366	0.4079	0.0714	0.4169	0.0803	0.1749	0.1926	0.1914	0.121
Locus_13948	6.0161755454093e-05	0.000222242741430121	1.30698092017294e-06	LR535863.1	24119640	T	C	0.2771	0.3375	0.4071	0.0696	0.4158	0.0783	0.1709	0.1882	0.179	0.1181
Locus_35917	5.6462934909456e-05	0.000327852729407206	0.00027140983704631	LR535871.1	1938600	C	G	0.3926	0.4137	0.4661	0.0524	0.4727	0.059	0.1125	0.1248	0.0511	0.1006
Locus_33802	5.57565381404247e-05	0.000442864383539843	2.15676442453196e-05	LR535871.1	8002654	T	A	0.3543	0.3689	0.4142	0.0453	0.4199	0.051	0.1094	0.1214	0.0396	0.0808
Locus_10644	3.91977934408074e-05	0.000544160184339428	7.10033279128371e-05	LR535872.1	2817797	G	A	0.2578	0.268	0.3016	0.0337	0.3058	0.0379	0.1116	0.1238	0.0379	0.0517
Locus_8751	2.89833614097311e-05	0.000337051688002185	1.78033293877273e-06	LR535863.1	22057427	G	T	0.2536	0.3381	0.4055	0.0674	0.4139	0.0759	0.1663	0.1833	0.25	0.1146
Locus_29806	2.81608564523587e-05	0.000242728673804117	2.94936649343624e-05	LR535863.1	19801565	T	A	0.2593	0.3335	0.394	0.0604	0.4015	0.068	0.1534	0.1693	0.2226	0.102
Locus_32842	2.3931124263834e-05	0.000322105108814752	7.2511126393866e-05	LR535863.1	25781634	T	G	0.2721	0.3298	0.3981	0.0683	0.4067	0.0769	0.1716	0.189	0.1749	0.1147
Locus_30435	2.25055218107551e-05	0.000812762025308978	8.99695563234983e-06	LR535876.1	3211680	C	G	0.2975	0.325	0.3751	0.0502	0.3814	0.0564	0.1337	0.1479	0.0846	0.0836
Locus_24317	1.92522149778257e-05	0.00068688552778544	3.20456982309861e-05	LR535872.1	3733873	A	G	0.2572	0.2621	0.298	0.0359	0.3025	0.0404	0.1205	0.1335	0.0185	0.0547
Locus_17245	1.82203478375613e-05	0.000484019477516537	5.93546110402161e-05	LR535863.1	23654424	T	C	0.2464	0.3408	0.4144	0.0736	0.4236	0.0828	0.1776	0.1955	0.2768	0.1256
Locus_5705	1.66985080176625e-05	0.000276392310535054	3.03110785159333e-05	LR535863.1	21796081	C	T	0.2849	0.3285	0.3924	0.0639	0.4004	0.0719	0.1628	0.1795	0.1328	0.1071
Locus_20619	1.63857883630756e-05	0.000297343591822502	6.181806926812e-05	LR535863.1	24111154	C	G	0.264	0.3297	0.3942	0.0645	0.4023	0.0725	0.1636	0.1803	0.1995	0.1082
Locus_6753	1.60742800903883e-05	0.00042584801434009	2.36482515488944e-05	LR535863.1	21649193	C	T	0.3043	0.3662	0.425	0.0588	0.4324	0.0662	0.1384	0.153	0.1691	0.1044
Locus_519	1.47891284033261e-05	0.000213332057414583	3.36377740861321e-05	LR535863.1	20787325	A	G	0.2575	0.3163	0.3835	0.0673	0.3919	0.0757	0.1754	0.1931	0.1857	0.1107
Locus_16523	1.43004421083672e-05	0.000350092672161425	2.98726801367848e-05	LR535863.1	20292846	T	C	0.2618	0.3383	0.4124	0.0741	0.4216	0.0834	0.1798	0.1978	0.2259	0.126
Locus_16008	1.38916875326e-05	0.000937996319868034	6.58462775549792e-06	LR535876.1	2827589	C	T	0.2949	0.3274	0.3714	0.044	0.3769	0.0495	0.1184	0.1313	0.0994	0.0736
Locus_24437	1.04641805425757e-05	0.000157632501227722	4.0172718225537e-05	LR535863.1	20190568	C	A	0.2991	0.3464	0.403	0.0566	0.4101	0.0637	0.1404	0.1552	0.1367	0.0974
Locus_19176	9.4143091316518e-06	0.000306284627492084	4.32987918304566e-05	LR535863.1	25558873	A	C	0.277	0.3248	0.3928	0.068	0.4013	0.0765	0.1731	0.1906	0.1473	0.1133
Locus_9016	9.30606111870162e-06	0.000996332008026638	6.16281425611735e-06	LR535876.1	3211764	G	A	0.3065	0.3143	0.3626	0.0484	0.3687	0.0544	0.1334	0.1476	0.0247	0.0794
Locus_34779	7.4316114855745e-06	0.000529076361412316	0.000167465397592815	LR535863.1	20801510	C	T	0.3447	0.3724	0.4378	0.0653	0.4459	0.0735	0.1492	0.1648	0.0745	0.1171
Locus_27449	5.26698318626309e-06	0.000266548932206571	2.06964293372099e-05	LR535863.1	20190654	A	T	0.279	0.3295	0.394	0.0645	0.4021	0.0725	0.1636	0.1804	0.1534	0.1082
Locus_20794	5.09194502893352e-06	0.000291738659336138	1.43848401531203e-05	LR535863.1	24880788	C	T	0.2782	0.339	0.4017	0.0627	0.4095	0.0705	0.156	0.1722	0.1792	0.1067
Locus_16531	4.37603490455797e-06	0.000869523235163975	7.31282789748606e-06	LR535876.1	2826169	G	A	0.2827	0.3127	0.3512	0.0385	0.356	0.0433	0.1096	0.1216	0.096	0.063
Locus_25091	3.65405690518125e-06	0.000271417119713108	0.000140880919941098	LR535863.1	19627750	T	C	0.2789	0.3281	0.3964	0.0684	0.405	0.0769	0.1725	0.19	0.1497	0.1145
Locus_9121	2.12962409913121e-06	0.000875937465822376	8.36605498260207e-07	LR535876.1	2721422	G	C	0.3146	0.3284	0.3667	0.0382	0.3714	0.043	0.1043	0.1158	0.0421	0.064
Locus_18572	2.03176984446541e-06	0.000355805387562417	0.000113644854150454	LR535871.1	4625822	A	G	0.3848	0.44	0.493	0.053	0.4996	0.0596	0.1075	0.1193	0.1255	0.1065
